638360
567371
675422
107038
839015
102659
416060
770871
998598
708938
679074
617933
640882
879911
383189
469426
649048
296868
322636
490521
382657
549447
100074
954692
673499
585668
485742
804751
712207
884257
314736
551474
757486
315677
892347
315679
776863
107689
635962
660699
742766
856680
777330
951621
927416
776849
668095
557038
297339
500362
296835
107451
615362
107425
797628
654152
603496
470311
758022
875371
267348
106761
336184
432481
703052
592473
961832
602149
826722
328162
494017
197629
549456
779054
640209
687935
979760
569311
896527
899647
662576
978316
312128
973812
473677
367089
103417
708119
427188
315591
763133
648160
335349
758951
900278
815720
985101
914246
961906
321756
686582
713638
648676
949059
694440
928973
896420
498098
636625
657837
760574
318768
105506
764828
630845
396053
782231
485832
606235
688142
885435
742258
694596
656757
560696
572575
940303
395547
926186
335001
752226
596736
102312
939835
853093
857741
767864
742069
867433
919182
105609
299760
298939
101800
633192
930962
764187
931757
498426
417144
815082
476445
301305
921443
105625
106451
324474
656073
675818
851531
432637
106071
686612
649278
311854
879590
599826
321305
786382
977670
961944
901831
697982
659269
107698
550914
701120
654280
895256
551221
863404
671885
723276
839014
100733
949780
669000
723281
647602
349105
670580
309602
895436
559796
930969
648655
780671
495882
766265
674214
910368
105726
102612
762518
103858
966661
742882
642976
649217
105066
924527
461310
801577
524521
317401
658008
849823
409767
905994
917590
619636
106455
648135
509613
371857
871635
596744
951708
811620
719396
703044
991312
499076
637128
475478
826710
656891
298129
560819
884275
660449
836791
632604
534491
447999
871685
656864
694556
654685
759824
103529
313746
297283
770932
747173
889824
850128
298586
461336
785006
687506
867425
655001
658086
759629
308631
649477
813811
320858
649962
512721
764184
448002
606200
298507
105448
487860
660422
893694
805110
324433
889095
933777
648047
637033
105947
611860
871732
660678
629822
101059
929695
656991
993321
959501
949293
103365
501182
901624
502463
885193
933449
660571
911289
951369
940853
737952
310130
406650
657187
969245
461917
101443
382634
301727
314249
879307
863939
727983
102049
363165
613375
888744
871703
849782
100482
938035
861888
330354
940550
298657
864562
402424
310131
657921
660282
967937
312448
324998
971385
370249
765959
610644
505776
498470
653264
324456
319487
321379
465341
554674
985919
903958
852445
991708
947941
396041
694495
242551
615561
634244
612604
662114
674167
392496
371717
612616
679509
756719
648218
649108
480000
297899
780830
770137
429289
317908
491113
725488
397662
499068
336830
718530
748610
941518
831679
753290
664834
647544
648075
765600
606205
752968
959661
297269
798775
102054
750075
691711
338449
410330
616544
785598
700619
298170
792478
500181
337790
101658
412381
105406
925153
103836
630026
296862
499799
652752
475686
752360
310140
515092
665947
963717
710734
995737
924099
895501
798327
734132
101342
793573
651502
573362
765962
417841
657237
917085
709601
103893
890461
949911
592830
780452
702071
640715
979868
320874
100400
324779
661506
103625
321761
657992
656823
786552
781957
107573
678088
763759
300316
651685
917108
502082
100976
955860
313823
708887
907898
774472
660439
416036
393825
298973
877443
741823
804708
104572
959614
963571
710521
922154
540174
634515
103113
906189
775975
648602
385062
326144
508662
930972
509557
450880
485745
178168
832927
855732
695231
105143
746463
764107
637978
954685
631757
710542
674222
897013
917659
724365
619815
648161
674229
859574
979740
529347
761915
879304
831454
781864
717298
498586
106918
901849
969278
659148
666064
722076
680847
106718
310177
461940
646485
661410
412514
606395
805885
693949
297619
673491
946743
619663
624013
772295
664700
105402
694543
895305
660694
648152
499085
638035
889935
660570
818231
701679
333886
783249
676481
454823
677136
803311
103590
398431
396423
932675
555377
636005
319528
660557
105489
688728
500186
724973
632522
568443
765511
574734
606241
321786
734156
797734
686614
411524
322651
324097
783367
359712
686167
107664
483133
846524
900923
570243
319206
741658
106162
312674
657745
944126
689892
904237
458493
454825
606811
981262
806105
759637
102530
461349
770329
820129
632765
473548
684390
645913
643037
324044
413239
878616
766193
573354
302490
947750
550610
295992
660535
571184
633013
931070
848694
674205
338370
634237
730747
489224
104169
410445
654156
343222
914526
104976
373050
807277
731350
895312
335506
863335
449934
977775
644175
450680
921557
183666
102799
535551
866611
661078
595737
807302
753256
573239
339475
763054
785595
320665
581451
216272
679499
453819
897080
299131
822403
639708
438748
506977
974581
958620
107577
797564
679151
946796
335040
714794
676572
969795
549259
886202
489424
871692
918885
555655
504891
411982
461878
432482
857480
897060
987347
997164
786537
515403
550236
543799
703169
657276
298965
760020
642901
299343
105717
319197
639151
989384
871728
654368
635764
606216
786977
507488
911406
923213
107704
883062
637927
506986
647596
449880
606406
107059
804097
827187
948308
105171
241639
500153
934413
461322
754852
797229
507611
671515
395297
787043
298861
486216
481820
658125
839486
968875
700265
561047
655407
960044
768838
809050
107252
637930
826670
474423
571179
461359
784701
100560
504733
911443
107104
473114
842926
305730
751242
945385
237513
946383
983822
715949
867442
105992
969750
951633
796668
609450
932610
433594
656838
731660
660609
315543
313839
632097
798230
924127
965017
242342
648165
314264
947063
297264
511168
772819
811574
757514
392149
397644
754563
645979
871632
325441
712381
934514
851268
794660
320877
697254
797543
624403
657775
628457
101833
642735
655380
937188
348804
651513
900240
759858
764830
747061
715075
816959
815019
100914
461937
494480
106086
102631
662884
661137
891255
324767
709491
73612
322823
638466
543361
527850
571686
996456
707331
316414
777832
739838
826603
713855
935458
547607
714401
409322
501180
317904
986228
861869
857481
656901
105877
500829
614386
849794
389009
971932
660705
817869
488447
741843
644611
734096
105510
761463
925689
463392
105645
667153
353317
395963
321728
759317
650992
879356
106717
296905
295787
106359
572057
658595
666608
321380
471634
301713
446324
881878
610569
661279
679040
762209
811346
379790
708644
658010
628386
318160
565230
884252
609152
666683
968482
916192
650560
475178
320896
593334
465324
751828
536690
296739
759868
917577
632186
406657
509630
505774
791807
649222
498107
710676
634555
637051
680224
106828
105208
296923
968864
657928
835285
695844
821490
610649
660605
720341
107742
747879
639799
636132
885408
636697
484902
767054
942142
604709
973222
485213
817339
674246
320659
485449
479619
734510
850042
846905
711464
978487
769979
337795
656728
106171
838963
296682
923916
104160
655150
760207
839555
788108
893589
752687
627020
657848
101027
599328
733329
555371
711594
691582
944850
625081
242142
981248
106351
634945
316375
983417
103386
915351
336531
873486
446326
296697
758551
499429
322640
701199
752176
741113
673407
775825
955830
607474
694454
885440
425326
719822
734144
688710
546878
842477
926181
585765
850369
481653
310171
636371
975572
544448
979175
866706
656803
913516
967586
837921
961729
570189
752017
624360
645517
312107
675761
301732
907664
440096
104940
729526
856386
639980
509626
694634
975445
383540
322841
798405
815022
298112
559100
838975
439535
679474
463023
799459
499810
296721
884255
680231
978860
454609
931352
888716
674178
839598
753414
873482
620158
564665
670809
609904
443236
722678
855263
538531
658080
560690
657290
531950
105647
101282
894655
476688
961564
382017
396054
811368
871726
658001
702866
658322
461220
667486
845410
105563
407935
104827
741690
313748
848391
507134
686557
944861
707731
682993
924731
800102
650983
718778
322822
788110
539294
534502
337739
550918
645076
636616
329306
446893
425349
753929
979204
710741
494013
918795
657716
997061
800117
745275
526224
539491
642950
462163
644219
984421
492631
765627
878508
298495
901882
672016
466098
106854
458899
630913
892944
676658
100671
605131
640582
636972
320670
683285
901379
899542
440525
694533
639709
335078
954137
479102
320878
661370
665349
674307
760224
900301
865133
296745
948531
627186
105849
682507
689917
611102
802235
695136
947105
637944
550963
298666
969102
770907
312824
435024
944680
297186
897877
893260
926196
241525
889133
425829
627058
597893
806094
297282
501368
371865
813162
317883
676610
746429
312100
543371
700490
346211
684607
838974
348962
291281
903830
753074
632425
298511
749844
298954
611134
324909
670807
915947
781669
936457
879310
758589
759723
984110
547171
887822
657222
107681
324104
316419
826420
839733
879309
993683
647573
106371
860542
761910
969269
929687
996339
298948
215214
663706
498456
645920
649945
715838
829771
956766
961586
576659
818050
778389
791627
692341
845430
102603
491086
630014
985125
657054
759888
362436
661408
898330
104052
949015
322156
654669
354075
637288
650588
905342
656685
298504
930881
805016
944028
741737
463353
107625
645028
999520
906512
906002
107344
753078
629712
319201
548968
655438
313760
966074
648191
954161
961937
297255
639201
341475
635730
527586
386891
660681
101819
956622
650987
657789
763087
739691
954517
663325
315615
104587
696275
657192
799106
746457
321415
746755
935595
727269
454827
671904
103613
106401
948620
811637
895429
598715
999591
694541
731486
973639
852279
953221
841056
327555
694557
925206
105601
912881
498963
340685
499342
751969
893745
107074
473747
644595
335403
954687
660750
376575
979533
702086
757436
356593
817335
845433
657220
106800
741316
100690
798599
642961
298581
331800
683433
764535
315552
787482
557026
104253
592820
906975
673372
653902
622956
637679
970685
723630
461898
954344
763110
778920
775092
320236
453046
581449
623787
657924
748320
710653
673907
968857
929646
700742
695322
919063
319503
593693
296724
647570
653374
767808
760089
452104
483245
499841
321375
688127
904249
960654
313552
314474
749802
596737
549949
961990
938531
694522
412557
758474
404598
752813
674213
950405
638070
638041
744122
656381
945234
478640
799181
876042
319481
851264
958290
482609
105279
412511
319483
104309
568339
609312
947716
638054
312685
982028
103514
916711
600435
815020
845407
622176
504710
716971
104843
471558
296774
653468
723956
791067
833742
107694
632379
978697
820106
620153
743107
425044
324444
319227
490565
106890
550614
322622
886829
920939
903679
986130
750181
106599
885454
982829
637943
296777
640680
687801
725449
865130
878464
895738
653399
297808
105221
684611
649989
807633
872580
557042
513249
716517
219003
313762
410449
383178
336236
811617
416057
593161
722879
314915
102196
683695
985572
597026
301328
798792
301712
674176
670802
629729
871704
101305
710557
777112
105718
960522
860870
705536
103162
754754
324954
779183
598705
832914
496419
101901
321370
324457
736181
297794
703821
976302
637964
620177
716284
713810
955365
990836
336827
337792
972946
753261
997764
989590
346215
624007
765442
103238
722677
643032
452335
319512
107250
641778
609270
872574
656909
983828
315210
712474
318163
669722
415430
667263
764513
624022
320893
986310
885419
757521
891779
956937
884411
660508
629731
324790
761291
657897
105984
871707
696371
970639
922616
627197
803233
101683
410447
636250
470908
793927
100326
528670
791781
314740
405866
668980
498123
753422
328794
863323
975169
638064
569800
636613
823787
106370
945651
504831
982314
623303
625047
878015
661509
384190
557903
505037
897872
990186
367081
649093
833489
383899
239442
753071
647586
812215
103375
425320
748128
710740
684866
567339
458705
624020
623362
676377
296729
965305
620096
656743
762206
971924
649096
637920
647631
674397
387307
976287
838962
315184
907317
298152
317608
324796
325429
753484
752193
643026
451029
486224
779935
320888
665838
682233
857291
745777
335494
911694
102090
713186
408838
654155
875205
768043
326313
929626
686962
807917
679080
807834
105404
940741
361598
886824
683469
709972
985098
766779
314324
768425
653088
660384
661407
954817
599841
297891
637901
507837
762210
322136
901329
106385
370586
103658
545145
980735
551532
939267
934776
666604
106496
100480
893273
750489
463016
703995
298168
818064
660733
600331
653254
686615
675787
728530
739693
107542
473887
806492
940601
779060
774227
785004
648159
567271
804197
300844
330352
753106
541344
335975
648162
641512
756706
910206
736204
764458
753428
753788
845418
714551
410507
658012
47014
724144
752171
714728
581471
506978
980733
710077
107673
734476
684804
925678
725541
941550
629542
847150
670471
658374
607473
640809
710549
912902
991170
982976
758489
929733
864510
324468
330580
678175
870515
969043
103517
311043
723300
648226
296925
701824
107630
570199
851083
635733
731547
630760
999000
947169
869147
621532
325412
833746
948559
556329
627678
896812
100632
581476
513798
785291
658648
102084
750178
636959
849596
776641
455546
764491
411491
462183
951355
525806
515554
442549
400154
885462
945388
482810
753828
929621
480779
725599
632911
359006
755272
951251
666589
997908
605114
102017
378012
105961
918552
772127
648028
312134
761451
635062
100336
679458
665364
507719
635924
961954
106167
305213
606207
639610
745947
930520
957752
674166
669206
648869
660387
835556
998943
657134
505795
757027
656719
697269
103871
961913
573370
816406
100961
480095
239987
656970
676640
760485
554678
716304
485215
499408
297183
366172
485765
889417
673787
461243
805808
638407
414291
643256
660299
661851
954975
988623
299695
508705
797248
397880
315179
642849
537008
792952
907751
852108
863359
767360
434695
400153
970620
541812
861865
297121
412515
746770
776825
628455
771347
637981
841082
498465
638312
980132
681905
468808
599910
694637
603741
893172
642457
102987
770966
106006
747148
969061
496703
797274
972241
627027
105331
490796
710533
715109
105869
938546
606355
757686
416213
480780
906760
614380
656806
906832
456230
915390
954737
297267
241569
989181
760143
746668
703743
988197
101692
841076
103383
107648
920675
980746
103608
672583
608877
482830
557279
758675
627181
955709
656815
845422
639620
673425
598702
867426
105077
926605
719571
102629
100251
660569
305901
677258
106513
462444
669642
106353
660393
606190
413016
884282
647578
752636
610593
322178
951198
674203
238996
521096
297188
760229
969302
105550
393826
623293
962739
730187
856621
797285
106404
657953
717631
632763
557032
102106
679495
296888
309982
438364
655445
804940
766210
636619
463102
265758
324974
107043
698823
734135
532816
700648
301798
645493
893166
708966
705832
673419
101272
919048
936449
308912
650536
308582
984638
470585
299384
533353
326319
763172
910785
824456
649661
649959
102524
831442
676580
191791
946820
803436
694641
104121
320684
537637
859124
810831
750673
919444
317910
770939
661375
659150
417071
776866
948248
775981
683848
297590
500219
657934
621756
692373
612292
771729
484134
452430
983147
575598
328970
679452
596118
930313
315503
919364
478628
358901
687741
658308
348254
839263
842700
596395
407545
101151
358410
500294
438720
318841
681238
710481
915090
629743
305735
372806
674212
339507
775105
106802
789559
798755
107390
811572
436910
639121
337890
325423
461893
328762
922707
550283
592822
742564
311896
658221
941747
925713
790096
655343
719216
680834
635859
676615
425050
996559
990511
963140
637996
452304
962993
103262
318828
654351
317882
801624
501185
655472
631229
790971
660421
722575
299750
318789
748998
423727
297292
336264
860704
684620
687931
100734
815075
774984
152510
216252
638976
760218
341473
300713
752962
745116
646719
973099
657273
513021
954107
700253
801632
715225
968270
881888
718097
668210
697072
397143
692319
338199
680229
107207
785732
443237
604704
710758
335514
100715
629679
319486
711588
755295
780834
968991
951286
481859
842512
298655
100659
107467
958616
983317
692835
107706
103358
694647
657721
885416
628392
364165
877686
753395
751852
865929
456488
490230
902427
806156
815025
764675
999499
752232
969717
846577
376383
766823
640201
692322
663587
312138
336421
425906
948793
960818
699377
105970
815016
975916
785760
729718
301804
985507
689891
963627
852385
299339
684597
789480
764281
723214
788124
649928
664246
926927
888714
758035
606232
741715
890794
498455
694643
613699
706587
105063
334554
499873
657186
499736
739701
346935
873506
609801
364437
105526
335557
929705
462168
435231
635912
650578
636424
817341
796701
503785
658562
799939
274851
649099
658317
948068
297593
642001
710538
101437
885828
103114
906389
720474
105069
748156
848212
940674
777830
658528
636984
105261
588847
638323
754037
583006
674242
958246
906170
679622
634411
824375
604820
105979
741829
652486
500293
107213
633010
632182
104712
296419
770650
758791
424118
448558
894727
670596
381711
979116
499871
752830
683876
769074
865116
655549
802242
983921
692259
768804
933879
486217
546312
855260
505801
659038
643051
102139
642716
470001
697901
657262
105654
439809
949109
723303
705135
660464
920739
980686
774915
649046
820844
747041
295750
874479
700551
102166
106589
849248
680740
102920
735474
101702
656930
509618
943692
105863
700930
107326
947245
416439
101108
580515
638301
875120
867422
311594
774958
583001
598722
951335
741244
503681
759173
897956
627679
906530
310169
716280
298975
687873
770981
930308
101203
636630
901286
425321
678021
318779
783381
679045
343225
941829
562406
107404
553540
956626
364083
800522
651121
382667
301829
598727
747921
100927
297821
911632
765441
987818
679497
786017
857484
487198
763188
954813
657760
107320
325402
326143
612654
304347
630203
505452
107132
104451
679485
650953
812276
514012
105659
104700
107009
456326
105767
499744
105745
325440
618547
105620
100195
980788
923512
104819
803541
960448
771798
102385
315555
902122
105779
751376
557684
951363
490495
636027
743912
935650
656669
458593
387900
670562
907896
767863
106420
998082
744101
658992
776854
660636
865123
741937
103876
819846
425353
694629
705624
412841
362448
664815
945176
887517
654782
406936
616121
734184
679528
961737
636614
645096
752191
500191
961146
901794
573345
630011
824530
629662
986368
103905
105907
561555
102708
557893
736290
854458
772259
315655
954295
631222
946286
674201
626992
656448
988619
742568
969000
656888
741751
553152
935115
905580
103645
633229
676593
443282
811602
787588
335072
880014
796667
835542
980519
748391
660703
933635
638576
899429
596833
799035
298870
511145
592907
107246
797561
450709
484994
977630
486254
728602
857493
101594
655195
324418
945851
835897
298652
648194
296937
675798
791666
702080
871687
101779
477546
710525
384214
308045
642826
651181
638314
102726
665445
814982
632525
329925
675382
662118
104947
852379
103775
407445
498113
713580
984656
741672
758978
865556
638259
710608
313794
675429
905583
536457
297320
740243
845725
674239
106665
613495
534963
971418
982909
729533
592302
766921
324112
105247
449255
100267
644592
317588
706376
573379
701716
856337
674210
297568
536688
661044
615361
636183
799357
899561
821500
671424
564085
433593
726700
657903
680232
324081
949848
314347
916256
676644
529874
995306
902077
299751
748301
490683
397657
655065
489394
386381
637842
101897
518157
985508
628380
734478
926777
375131
768397
300714
653969
947377
692298
656913
852477
992720
105398
689868
814997
480817
970726
841078
542869
913341
448260
411521
743780
107609
499865
474585
934441
810828
719489
686552
102073
856354
298778
329027
425803
867436
651498
951620
315808
105392
648149
914481
894131
892298
490995
446887
778058
753928
979376
631280
878960
660743
464384
692320
711602
861892
316029
787888
861075
506155
687985
168236
729112
811202
425328
913291
848108
716281
772830
465418
630194
631209
401715
559346
728058
726802
799787
485651
475021
678052
818063
715195
518757
461356
966285
667625
536689
321753
675467
449832
330894
654681
871697
304961
489472
716078
899950
412743
520255
301823
717271
107637
516820
625177
657768
644748
995339
104951
297048
902715
101579
518735
549999
686559
316371
715031
596826
633247
505235
934245
436904
320628
907218
313821
102897
970124
401705
670361
865128
990212
672644
832078
657882
978699
644757
708313
455657
801568
321371
782728
673404
598741
582408
480842
297321
504726
276961
865358
723853
679537
694598
781531
317878
710571
477597
989605
790125
671501
298670
650586
440519
656809
486578
322637
297615
315477
333372
623895
761005
338462
648880
318784
639503
679456
695441
899443
865582
648211
860892
574612
747681
805471
103128
741632
308676
817939
903711
826763
787875
914118
100547
324435
599347
980745
759172
668925
961590
103142
523847
535281
101349
406494
650592
209856
410168
418899
107468
901802
879472
720529
95444
561386
633194
655171
683850
305731
926688
313942
779112
710553
555149
778999
346143
749485
482818
314462
775099
657734
924785
707294
998937
942147
322155
313751
297348
913914
301810
652739
636627
730185
471683
751964
690718
691811
722434
335076
167279
561557
753089
929984
397642
741633
991301
932836
312692
337262
752676
819271
673405
388515
903236
936536
302942
648166
667457
753204
642996
867424
627232
657218
727007
895740
622431
105165
305728
676666
620184
673533
964375
317877
215264
792933
731928
596391
105531
756741
673502
998394
339124
745805
302968
629736
916723
941548
106610
763074
954811
241577
689517
648215
748808
463094
657915
899968
400271
305231
895280
863372
499086
929703
673413
932671
857479
297571
667393
647558
338460
715824
301770
799209
893965
505802
637956
780960
620789
487476
609305
102200
655664
640195
675804
722773
855536
625103
519641
298540
586331
336529
871851
454336
320692
319531
650981
487808
765454
520521
498091
908264
713712
950744
672589
906557
871735
500192
773247
711791
945102
328977
102109
998078
656974
753424
981523
488235
508682
105610
793881
629438
310257
687111
797562
645451
648038
897158
752181
659675
753793
324430
508689
103516
570595
640229
608027
103777
951808
756744
889182
676588
936649
661406
819321
875145
455111
636151
761464
322174
757512
660714
79603
305774
465117
298169
314252
439768
475160
785179
409886
312352
519521
912159
759724
101481
621454
694515
694498
319510
649509
984368
694547
842340
660761
865388
703219
754710
846583
100942
655385
807723
497886
777823
595654
826708
850801
915162
752679
317886
669672
296756
743939
895183
962494
911262
775798
881612
970746
761481
558847
107003
931424
664934
632102
684591
482832
926926
103243
536691
710536
407536
689880
298597
761506
105387
756737
854503
640199
271730
936111
105155
923507
660690
324415
106628
303653
320666
794481
743947
504734
480773
820110
803658
796214
752681
628116
767050
657843
461358
761416
106998
900224
871734
561574
102954
766219
425065
797536
656936
851267
657178
985146
632108
660291
871706
919697
657110
100443
504738
649751
505226
771781
637125
602028
797567
312623
946006
824440
102787
944992
324071
315680
597612
316320
572710
324076
847753
483953
714686
979272
106608
322030
852375
666468
751116
610978
106082
925010
994648
581002
759519
694494
312211
525739
657950
626983
768053
628127
679743
594439
106809
658535
804821
980206
903890
642067
591557
101813
946407
981906
416438
787699
660640
703860
416150
638965
755296
102025
797256
670838
296912
656834
855122
504732
982721
770961
572059
106870
672027
671429
648189
538041
956910
659796
568997
979071
661120
631232
709279
711019
638073
647623
745752
802757
592811
330903
629744
936027
639153
670586
713642
776576
107557
700924
668211
105690
376078
630792
759107
679518
660623
519508
878505
649864
630769
608254
693525
987500
657549
764098
630054
388776
629657
317888
970221
339477
944563
928994
657244
101219
654333
694548
879306
528045
932295
955479
317561
791091
879581
666369
400458
522350
729404
102225
298606
411986
766355
315453
710574
717475
899633
956997
768368
216617
319508
297106
710579
714395
606866
458938
810820
780446
897577
461841
371105
955327
635918
461897
498466
420684
927196
910823
656702
541769
861868
629931
315684
835540
104538
596373
462184
952561
758766
754024
760958
965522
326301
800527
712638
372811
610619
696037
654915
634440
968012
969001
630187
101657
695326
103617
723306
595771
648202
102824
997844
913302
527744
447998
673192
497093
103254
782003
710587
670484
694646
710532
767848
807542
751597
382655
100200
804022
806889
107574
642138
962738
885181
761347
297612
629938
744956
312457
741436
930964
519862
103997
647628
817712
758688
650988
647480
539807
567983
648137
735160
826744
608364
461288
630388
105713
780370
471760
961917
887444
642927
649996
753471
753310
814992
635965
885537
314067
102858
807378
105363
448565
296728
807666
660512
892450
636281
649903
386877
324063
100600
535479
297289
879351
767493
107140
443861
506154
745723
106510
790007
107072
648123
668458
797599
978689
871691
992625
107071
869572
317558
650575
679148
324099
432599
661380
648073
839737
806291
757477
297897
400152
105076
649676
782786
322160
752821
107284
838997
841081
325444
813661
956551
990797
489489
741831
541848
313831
772849
643043
754124
956253
552674
637899
742033
516961
307274
319235
446656
679466
739703
814998
607482
976475
102725
673540
810277
972824
913438
645193
796664
635910
893627
568454
105968
657008
102068
106836
982756
845431
614389
873651
702105
320664
725603
570195
528677
623306
660782
940312
971070
674162
547626
739705
530900
714718
613297
754294
100807
867421
810798
893620
786889
787486
975647
895247
756792
757693
656935
894175
762211
671895
684605
801410
317399
640726
770942
952708
105540
893957
302868
591214
814837
106657
635693
657948
702910
895425
746416
786542
846568
972665
952098
101464
632359
475850
298124
770497
667366
658362
760722
661072
755015
478280
432156
237476
296898
583852
457226
629746
320910
948376
679468
106907
630923
326304
105905
296793
571156
879336
895565
684109
744941
657651
823782
649776
660488
466799
758803
676591
505766
628378
897934
638974
718621
630577
917646
298594
900225
983651
766087
479956
810089
951344
512559
919423
736782
637629
685982
686568
648128
103403
670600
710529
694535
411494
637963
638042
463100
304966
783008
752203
324912
523681
104199
623459
105846
660417
344782
102012
899025
691948
333859
549947
838475
768797
570188
103244
797318
942050
763583
600309
679511
360867
905625
649250
946774
314338
794121
339448
726824
370747
648228
678038
899280
747343
447152
730379
302186
528691
766961
310261
979762
382286
967957
623977
416989
710382
767009
106758
478281
797414
979750
734152
852442
320906
725511
502046
102859
606389
315631
854702
660729
660454
644728
745816
297602
461872
748154
104928
606181
656764
373023
785003
863441
734008
440358
996661
359083
975452
657764
708183
996374
376073
333853
103897
302195
608261
675681
106587
930372
332118
365903
710730
639716
954896
667358
930978
871737
753796
106053
656896
965323
693664
790899
328972
461275
507016
461309
975441
769290
670453
560163
651548
722044
938589
763278
785607
861912
692318
792034
504246
797739
306502
321391
725533
632150
840855
659933
607158
841083
946815
758702
891833
479223
717622
102393
316561
394063
106606
343837
973902
637919
690571
762208
774928
703990
463352
758497
471979
670316
782311
461276
456519
644184
669385
637949
318135
501361
465957
791459
764684
439003
736765
913156
895671
668214
768263
107069
101848
656964
659034
815331
310153
472428
485424
317890
89481
954812
989449
632925
965128
993765
322145
410446
627010
893987
318128
859576
499401
971558
325406
745996
540188
675754
686564
558856
472444
314748
521037
296886
308599
760013
324992
105366
637122
477686
972460
665308
371846
307234
893952
775764
104710
316407
102071
772857
476002
651542
930967
765773
105988
517498
317609
335022
298520
604507
969024
420686
851266
304964
507474
485740
758562
710247
476396
296918
923481
301827
299893
100462
958408
763041
848093
105033
320855
461365
567015
826750
766937
692841
581456
640250
852377
963230
977634
811672
674217
710737
548152
107764
650620
959946
322647
748476
640736
885449
191094
297085
400162
318785
635928
713443
216164
635982
736183
636231
819283
527952
861897
694500
686576
463355
558794
640696
101994
890041
315495
882963
791165
976000
692220
301803
883426
547015
649875
706928
318846
674172
339128
452388
335983
530491
100712
247286
496064
299215
910678
785172
665850
805012
534201
635410
797573
871690
667931
959469
981781
504904
100728
913158
800874
779552
102611
717494
314641
871724
631204
508028
722734
934450
101504
298786
656801
664614
710543
839824
106629
656917
813166
915601
651236
104259
479134
789636
610653
427568
982345
775971
500172
653883
680839
449862
656798
743530
498110
856097
499428
867432
314595
686107
951163
672733
298610
628433
654014
783346
710351
947122
979694
728543
103861
638069
410448
977983
546321
434693
660667
454783
681448
436912
643580
697497
396013
326150
875239
956509
793222
485206
754614
107143
723212
296696
105606
492635
296927
682991
878398
634466
645059
899837
338035
637957
324795
694553
631742
299332
646936
969762
753511
579531
796376
308214
971804
647496
314323
760812
967374
846591
766208
891111
379775
321360
648164
499813
394070
358899
657702
806905
317419
298455
324801
924384
893605
607463
307699
461355
297325
623783
659703
310358
758785
703174
557024
322634
699502
614369
654571
533404
107763
811635
671926
549446
940185
956217
508059
941553
664825
673400
483879
727207
461924
961001
637289
938547
429110
687941
846588
894097
336275
463278
620898
629668
550926
747333
476916
667929
660780
780159
564730
694499
610697
719400
657868
768841
768880
893778
928148
103035
636618
619790
106613
637954
324448
480989
299884
462197
907268
899417
713181
971555
299314
657930
105873
775850
736378
661861
638330
855641
883278
315303
950737
816958
322140
720826
694451
718556
637027
922138
785587
416062
107303
660459
638415
761404
632107
660899
645557
675827
775204
241605
657706
244986
640810
297102
105902
799727
758891
638391
716794
604146
775858
461295
741251
675795
757806
802079
855700
926052
790879
316593
657149
694511
822406
733847
899629
107343
324911
447729
511738
615734
811357
307282
920522
661411
671921
632178
741320
631256
935603
107021
497906
505462
390035
811618
919761
689091
439217
970081
640711
941749
463122
608926
644203
642810
891168
957465
658049
959101
850459
948260
566735
321356
791840
893174
983303
689102
297342
657153
315670
607460
550239
499831
465304
301785
978684
740221
859104
702626
101652
95421
948516
569003
660429
733838
694520
107474
742351
489884
642297
174560
771788
532283
105775
324952
995616
876653
322800
744577
759015
810078
549451
696201
514186
547832
760210
665341
611436
929995
741809
599863
785600
888754
826755
694594
103763
926650
101642
449505
718617
871591
105720
106625
298028
593840
297301
678071
654926
387312
535547
743062
742880
506153
335511
486375
499471
871714
629771
324783
365917
472420
803659
954351
982358
646182
656690
107014
966968
752767
784348
945917
895506
694744
665325
724978
297580
106831
728803
304965
715306
677976
721478
320861
791815
397910
788128
660412
781313
506979
637142
102535
294419
103695
747957
617232
947982
636626
424556
722664
674234
898089
547175
626995
301740
590396
484325
657999
856197
296920
475856
647664
104769
824461
885879
729734
560923
756261
660781
533601
473024
324090
648124
449876
291525
643527
411985
741171
425040
959728
637977
810075
101882
103770
863200
358900
301718
698599
688997
951571
102528
632822
581473
798062
575986
657771
804952
329340
630171
106714
461284
604045
846603
774941
776307
656666
742325
316340
673421
782215
302951
760134
106305
631253
910786
299306
609280
324417
570186
768416
475506
308579
318814
686549
885459
689866
893582
107259
674192
504938
560685
297060
811335
650649
758730
978560
596348
399563
670359
324431
770172
959532
600398
646717
461329
754116
106936
573349
638362
570190
756046
865120
754561
913413
568427
898180
322628
806950
660426
316322
107293
420697
651821
498992
639733
841689
106078
498293
433155
988156
878506
336473
700736
963256
773612
628408
314341
752673
531939
661558
330901
384026
753818
505312
688709
609462
662716
969832
587990
658638
609504
892730
940579
363069
595238
782911
750050
895337
304132
695151
930866
639215
324041
373219
638340
863358
216296
318171
811619
686951
829667
944127
106834
711278
775346
932181
886929
749001
637932
900978
482822
636615
955069
578463
667322
797582
568854
813187
945713
639706
611099
394061
571019
667299
965383
592471
107168
101136
570196
726244
947730
987286
767064
581468
296047
559742
296917
674225
642869
890795
616122
782768
365031
771346
101046
761231
817359
318783
656751
656840
302206
687411
819328
105164
428107
811356
338343
673503
631255
762831
759742
790866
944509
417084
648169
695298
628311
638988
765746
694465
763141
299697
811636
302948
607479
898409
507173
638689
100144
953713
296839
736267
810082
622920
506318
815676
298523
454812
614387
527917
628379
509115
848104
914063
634935
591584
673402
875730
954154
683852
456939
301728
706311
950002
863369
649877
905957
976503
100040
102111
994911
686602
558806
703037
351142
726909
797576
900068
946032
102957
314404
835557
299684
216582
785282
647584
484901
931646
637937
674396
674557
412518
685512
609626
338181
895398
679487
479141
988734
505509
592109
733855
859602
839037
624398
810824
945921
391329
801628
800555
608753
800100
842481
311385
979252
101122
845426
499857
627099
370615
317206
102337
573376
588715
640713
760039
628459
534891
856377
895293
299126
555926
835558
648130
777411
312699
660470
846393
848070
942096
634535
584246
249272
743678
313815
461316
670585
474323
480976
752197
106749
842479
299323
631406
435884
700819
657643
711184
505778
791167
636617
894162
503816
961580
933040
992201
612285
338034
879354
85543
101643
648133
100465
612341
449504
799153
803430
106983
316603
654820
920740
649906
106259
103048
297573
958057
103057
304971
107473
648040
297103
897968
632303
526551
570217
627509
848092
902392
902245
330442
469090
907312
646166
832461
106413
647649
499384
313765
321387
656848
363167
632376
969761
954684
648155
606380
515243
102949
313747
298961
463018
765776
649232
625124
710590
545541
786535
682458
463167
841197
457931
927749
698072
620186
699521
636386
653901
776829
541756
626287
710578
649202
725459
873487
298133
464687
924395
318123
106519
992443
711492
694525
407723
301800
835546
315140
754646
656922
637021
702062
930990
105176
296876
949142
478276
944151
767860
894036
775743
721790
473023
699373
297210
741496
340667
392652
896233
611186
400138
896366
516510
752583
970289
761232
656894
658015
454842
498491
679066
313960
297309
665151
867441
906018
299406
849252
817367
710522
312677
665334
811354
944551
937769
587585
836187
992257
710530
676471
851658
106661
901261
751202
651063
812223
339927
900948
103226
885034
676874
649859
320854
655302
613904
829278
101964
598713
637934
106294
103750
953984
324988
100203
505923
674446
775953
925688
301802
107321
796680
100227
640746
106211
641451
104545
649934
924983
906535
107556
384476
631925
674216
866209
692610
655571
657997
753765
891826
394773
747104
694644
698763
105284
105570
657783
517957
650526
491486
476418
940662
946071
901773
296871
457948
107472
632255
991373
549455
527964
680739
915108
682283
783242
316315
510247
636099
877987
817355
884256
728948
733091
975569
315026
322829
639725
679042
106757
967984
893044
845417
982957
298163
801045
623429
512461
697253
472435
310151
326153
466836
623490
697939
490829
621847
765952
795723
596735
315478
861853
987252
416058
622950
648297
511224
646206
785015
452277
788421
543363
296658
639468
820207
660507
606194
631385
662859
527975
574149
680225
322138
414505
101221
495817
478816
682736
588719
741827
103185
296460
657225
753036
797553
659154
734139
106258
797557
811581
573368
654492
606357
968299
997530
518326
104968
920616
695883
338186
693490
826759
885428
694583
525737
101169
667229
631758
106954
473038
630008
748334
726553
974012
799089
759684
603724
505074
784893
700750
859581
660713
105900
312208
637999
643023
100315
947312
733168
637903
686613
741241
750359
944115
990399
807761
346102
854190
645088
313416
320871
316317
937175
888332
461901
921921
105991
793392
209860
933350
215476
468339
997300
839587
900227
660405
656899
906049
672741
498503
745799
183447
710591
810052
810797
216286
107302
859573
638382
950346
878165
561633
620150
632418
535049
297569
609553
651873
933798
827951
632814
662920
965384
929144
529884
694628
648067
734610
396730
501362
718894
998369
933051
710561
101459
973112
101204
487798
299331
578457
660580
748188
729565
884259
298137
635136
100297
518790
741830
570799
638204
775394
100106
770940
106584
701769
499430
761541
933676
105293
879338
555148
630822
635735
970006
996134
954683
299101
657944
561384
567013
100193
640773
798730
799216
644050
946427
387701
628113
464366
322152
898220
648132
927076
656871
593342
483815
519765
577153
645226
474419
895873
313387
662076
298148
888889
901908
826424
411778
636156
930973
981778
356585
702052
557911
931888
500281
741323
954686
105217
679476
816425
832076
462429
607470
943199
676598
660477
954840
637938
365918
952475
854456
660677
938036
622448
690805
588115
907257
681232
741516
761713
861878
297192
600324
317564
314339
107230
649723
824450
784331
683859
979724
927232
684584
592819
660763
954668
764225
762482
635903
741894
324472
319856
298936
657986
106637
749468
897165
803954
297909
302079
736179
861866
321724
654514
106603
328807
761027
102543
406066
515439
938048
298530
107409
636045
778538
106381
498998
983246
793010
636118
878509
106403
105536
679061
615363
557690
469837
655189
880182
805888
741242
104305
861907
648154
888893
332116
701062
496749
314745
105867
472035
741851
646524
517485
647513
755589
642955
680729
614226
756729
975287
797547
852951
664667
612952
105700
107527
719173
752714
718286
765770
374484
101048
992061
511735
339208
758690
723707
452329
806884
724517
316587
299394
458883
969025
591261
930267
710394
811654
396726
100131
804508
721930
831689
860872
461870
700140
678019
398426
938034
741848
623832
313825
878689
324072
317566
107705
752605
734137
680861
316576
882877
105607
639361
343897
797558
105658
679036
694582
104366
496334
656862
367382
491297
296947
610684
319502
336247
632507
629268
648518
105673
457921
103902
689888
763319
105443
623686
735192
103335
950244
718891
639113
769029
550240
736334
464684
924757
999469
886474
852441
894793
433176
672947
216844
719390
762623
741178
106166
298396
758691
727946
321411
673928
106261
846606
645732
769776
322828
747079
670644
857774
471609
906298
842476
490240
319860
609275
566527
509831
826728
879305
689885
299525
296829
508023
668748
348989
849827
102647
299870
898009
629954
676486
915068
568614
412496
623421
555176
663996
954693
518734
969800
548513
499717
636102
531443
105857
302220
331807
761706
838469
690080
694501
586286
999559
639148
555008
967860
632766
986665
406923
982728
416716
969270
416949
301814
720172
420538
499850
418369
710736
934194
655168
632754
690752
106804
655260
438751
920735
523618
670439
652846
991171
921138
104540
695304
967834
690815
477479
813173
318848
879333
946628
400981
310353
837831
452092
706758
750661
105998
387038
734142
627045
726567
879295
241489
551010
873481
658655
641114
848240
750676
301774
756318
100092
683825
103953
879335
958055
783369
895521
379784
667370
626978
604702
859579
697036
700673
486571
703054
689864
669051
718315
461350
535553
105830
583004
806277
298920
100472
299373
798920
637946
853473
774816
302837
520993
339132
851270
538052
811364
100356
635752
107005
811363
973305
105621
786938
968626
879331
602536
105628
491104
509636
676642
767156
637148
674218
604317
418939
753714
703975
965864
499848
507022
762205
388590
301783
557023
656851
644620
463098
370617
785164
744536
692827
360629
296681
436681
456533
650480
339040
806080
821499
658653
319495
635930
598712
927094
637921
913157
642151
610675
992143
797655
753790
562962
621590
838984
463113
484900
324469
457225
694493
791172
887151
805025
648498
101082
637922
954669
101425
632010
664360
761445
459351
603852
634509
702673
716607
105707
296909
796698
486910
554673
831453
762601
657137
297212
505445
692889
730451
804637
106525
790981
609256
832074
482823
899485
716294
574430
648140
874643
657215
314349
784664
105240
745269
804054
865127
964880
101084
511741
514630
878502
105400
414395
673505
626198
551688
969042
899155
647948
317889
100098
799097
960393
608275
820456
710581
101583
761565
748317
648131
427249
935516
673414
697734
967026
970219
611848
673525
667340
710738
603918
107566
774934
629692
676560
810839
660637
105365
766578
420123
425350
580514
474312
753947
103323
649058
645501
584251
999056
996835
415423
105383
321383
948279
944164
319224
640552
105612
766216
847756
799460
790108
705129
467589
107684
606399
498504
711122
811318
711583
689873
683865
997889
657878
321390
808167
736185
807318
954681
657727
322830
710744
774225
106569
608787
907818
447142
998235
754123
663408
667078
657235
721877
948256
906372
560839
634422
100039
693506
708215
628382
420187
339913
639751
748065
518204
788718
622422
607485
578473
484096
758318
459070
340572
697069
95427
315706
951539
735104
710601
301807
497880
831438
639306
101746
621884
639964
752166
103463
933944
694580
664820
101477
797531
568610
614824
845412
713532
660520
679503
751221
734575
505780
743480
336810
570197
674170
547419
594110
105413
106651
815018
297400
107256
582215
614214
855161
381016
314747
606223
973043
879298
931859
578460
665459
534890
799108
694539
775683
296703
533848
505820
674224
644739
505807
804819
637965
810057
721845
906929
924245
673420
105721
636632
765756
695414
694584
674204
951755
287397
855257
454154
488288
106741
946011
642846
843053
979516
301791
895292
100086
791804
325420
703427
321755
649867
750478
322169
577260
613380
105522
959725
978647
853513
933295
602029
617349
684496
989558
506152
317415
469856
315491
640086
960060
771793
944953
859572
698630
667232
338466
645962
689233
656907
705769
657228
757709
762109
461319
383193
595413
324062
760220
621749
954690
322837
754017
736208
673418
504735
647510
654482
511178
988056
904195
499860
106604
321750
366540
305898
458347
505550
701792
715504
945925
211975
322007
969086
411310
768389
660579
475998
326314
501896
986168
103513
407930
712236
875127
324781
503790
731546
749706
648167
789655
506150
990597
396411
105231
702319
429117
102616
733406
677638
951796
811559
505767
101034
315192
797786
687945
315285
751225
934247
356603
651511
894168
333367
698928
792521
694521
447822
856626
684582
343478
958148
657938
992588
314631
933317
673492
101857
473021
425052
573859
477872
106728
578461
657917
321361
499067
490501
676564
615217
806627
863397
512385
636040
598031
709669
663982
359714
753178
722755
324045
648174
450677
107067
801820
296874
914907
347131
455118
504708
721275
992396
797416
694516
800113
494484
967022
741115
859557
491710
928370
783388
763743
634010
475741
244768
950730
863387
428808
893594
432543
673412
296036
615702
764024
103249
972226
687799
498557
881270
838994
623791
898219
807528
621816
706092
938529
994581
397881
100688
693425
104342
705721
941813
811626
329322
513325
323000
910570
813171
949057
610686
858327
658531
297380
658006
747520
657989
636620
689871
304972
101308
768387
648649
671159
637568
954679
295819
335688
590730
745298
968878
939793
334504
885432
689894
103144
739265
582804
454150
757807
302190
661307
699089
724090
893504
641993
107316
754055
707584
499825
107263
675622
343224
474092
543901
938526
487016
747872
650009
692599
848090
560833
914693
312193
656832
716287
624021
596365
298605
841054
769030
684578
721669
898003
646714
964557
298628
845429
661304
671986
461219
861910
335520
474331
657906
755276
398845
105864
742892
629769
657203
313878
714879
385352
715018
720662
101606
693223
688840
899930
848680
678073
926184
102704
897874
658630
448583
607162
635767
896340
563361
697486
753426
300602
668988
653427
768385
383904
669352
905608
685138
467586
810785
753760
810837
653265
100714
657208
105886
906164
570198
656610
746486
107537
770596
959594
944143
636629
660407
96084
716286
762301
764104
803210
519636
798934
101220
774524
753430
739855
506157
632106
491891
935624
296718
941457
949923
626828
298612
791406
299389
106373
630971
930275
306806
383261
297299
102605
320887
766064
296781
635749
850283
689761
578969
734023
663669
565658
948321
339131
563503
449868
498457
102036
513294
741834
942910
694578
103828
632160
639473
694508
642709
722623
897238
770693
852751
950384
713825
658027
657160
761168
899405
980286
926746
302193
651563
988055
884203
316581
484650
660285
650871
634406
799523
550238
979970
572742
947625
916212
693507
786031
962336
720100
648513
657674
296778
703061
324959
954561
938031
644751
693839
685324
107711
558608
296717
464014
474319
805933
880147
759966
918406
642967
917665
501360
638032
524975
337741
658516
787493
105840
692321
802608
487876
759573
296878
829717
666004
384485
689886
647564
628435
101201
852836
978016
896771
432150
807736
637926
297884
996517
657788
766055
575673
810104
724757
907679
467672
313688
710528
100859
816362
656713
758708
568108
968865
969120
754888
797519
959904
440526
714734
100520
102810
381401
322827
903749
940585
309624
734130
320687
494478
307278
105872
867497
339437
449844
595765
461323
694632
724843
925652
964317
787004
312703
745259
649481
753423
335565
511187
679470
674207
990831
408796
105082
876086
824951
946149
970226
938525
714698
678084
976093
656738
942139
638238
698572
944906
101065
384220
654241
961004
937191
752777
107654
846594
496800
670654
795703
599326
799099
375963
461246
949758
984549
409389
569438
647568
978042
647497
362444
103427
104056
747139
674215
639978
728598
705731
104048
889497
317601
665371
324804
811594
634942
657840
657755
925035
482817
265741
691670
673504
656731
428805
783375
550280
759174
322038
107536
638344
298516
720841
642083
797550
298582
923670
803797
980647
530906
925804
660526
573857
673358
335807
393823
956644
901722
691404
573868
736206
104014
543002
313753
878659
340176
300308
689836
461733
979757
744814
471670
918621
759965
632176
600423
920642
915071
907115
750482
624395
103569
496995
444311
107697
634039
464681
679481
573855
104731
640205
450825
630576
962075
803228
670571
322149
741190
107217
499839
536273
346103
768799
690059
803454
657097
107170
657699
324778
660306
574611
911436
398741
478676
500360
297616
946637
104452
373031
867586
242842
763144
584584
674248
606243
756939
665354
446317
676638
752179
817870
933602
992432
713919
944334
674491
654138
296740
313954
600416
598452
741824
938524
976102
659007
666475
692875
953424
905453
753934
310877
106429
984431
741248
410296
992297
315572
559165
103415
862121
296795
835543
835559
322153
922133
308931
785604
104434
105396
756709
726546
723507
413047
657232
101267
639481
339217
578459
462425
101693
557687
772954
763708
648032
711772
955910
538484
826095
101284
843143
747874
518419
664683
972309
314639
741084
318121
974286
100350
461869
844563
324953
100104
837274
866535
101478
301752
596240
335488
190526
101629
103879
710593
312365
405556
311177
900251
752224
636433
477232
982723
778167
609721
297614
994910
680226
878503
631624
637177
425325
765964
660497
653739
623220
406661
476020
329304
761865
740549
960269
107649
710397
314417
502523
979765
106928
674236
762204
733064
540316
752168
733755
789520
662626
951451
895599
102306
855264
103624
105949
891714
463099
412854
750353
657912
817336
752230
481823
102059
886256
698353
731519
640756
761923
680228
803438
983320
867308
910998
759783
852387
298598
676749
694531
105704
673417
461252
463021
488663
103810
461293
505799
951537
770555
362437
397894
890401
637905
818016
106068
638345
920734
658042
643473
103300
679541
760057
785923
585761
710494
761277
723847
798194
658656
639714
656773
466907
674226
977984
766050
767878
943241
960028
835820
960736
753429
102992
853918
705673
720433
336829
498461
755570
752709
954689
645502
436726
954691
780936
756268
752210
507685
661355
318801
526369
407457
970217
101630
890010
500697
297896
832125
701766
940591
671171
679082
710558
968893
970216
718312
606227
302189
783023
717869
811362
634474
676669
930959
664336
926114
824043
649669
501212
885418
630159
951137
636628
804872
985774
815052
106951
499063
730771
960770
443235
569225
104573
689420
396043
371033
107306
688841
100855
656118
102021
450662
103578
434697
685236
667272
969267
102055
722686
659655
824528
970902
643379
919709
953058
966195
887952
610693
906904
765954
297797
337224
336269
308635
811353
465331
751080
461305
838958
741849
710745
687926
743093
988649
974839
674626
864898
679464
107368
772419
946790
322826
327161
428812
981473
635754
954275
524853
759061
694565
517511
100752
465120
106500
497682
835538
650989
673501
988186
817345
741254
698615
653250
296934
760969
802754
515390
970868
773563
753257
670651
831478
904331
102536
758060
942005
598700
483146
679520
900865
461927
673381
946148
857482
806994
310170
385797
791044
324028
401313
322168
314957
859143
751289
938029
696039
638444
969085
785591
319500
688842
763046
680844
958653
322617
803188
764111
313808
164915
309970
931821
948390
324432
324047
797584
683614
705878
439212
887446
107420
641541
702068
954864
514621
512564
107318
644777
878499
770629
100150
632154
741842
527901
107586
302936
759933
891727
871686
763716
639206
741252
620149
857494
947412
676635
995338
457010
638818
771823
884260
317403
659161
571016
695193
788398
787887
644121
656854
689824
100283
735640
297383
709028
918404
497976
772862
879357
621984
250926
639351
805880
678846
674619
297609
703031
878495
822407
746441
515435
852948
671184
102857
936439
755592
570929
155794
100240
636623
548522
655574
985742
671903
897112
795693
747877
660044
336820
671857
971066
682982
106495
835549
980424
556331
329033
103297
450727
763959
519788
753493
979505
839060
753789
701417
462438
354068
879311
980064
651420
883708
567261
107337
873527
336828
348253
989668
954676
864042
944664
967769
673537
929600
519947
668973
511737
776726
245419
100638
565458
505790
102479
533394
101218
632500
481368
846599
992057
580730
942430
925162
575915
848099
566142
736136
673036
478272
744960
657205
948258
994693
461265
718531
703287
426532
946505
662879
914409
660717
399606
348248
319208
498442
663184
508130
998626
764831
831443
713599
708880
515128
107747
623679
759913
797633
407943
102116
635971
101209
871671
657780
799210
948121
413908
517203
629757
965893
684495
648210
466991
336470
604141
900239
324098
716845
823781
901257
648647
654698
985209
549469
979545
966259
637950
485445
525730
734525
793023
637043
961959
305900
597695
756775
955784
400103
680098
573866
978682
461357
296694
902645
765904
104163
759901
961613
729006
354174
969041
995279
414506
104816
897942
301765
692856
588703
656926
299735
296998
486227
812222
107299
722726
313551
959242
614390
897147
908109
616992
625126
844857
710539
887417
791667
984736
517509
741833
855242
756195
587600
316571
879308
815105
486218
660444
969189
794034
755282
640724
941751
612619
940701
898001
608255
411520
538437
774505
880146
674199
322652
905343
646525
708873
683105
747454
310149
727080
758799
931123
855389
869183
855615
673409
942452
660612
407117
567273
898045
671282
400438
648062
304284
627120
648139
797747
338844
686566
105412
326309
105173
100357
775984
600332
688307
650565
988925
460720
106111
564026
936349
666619
586496
299571
500199
324802
797511
526512
631206
310267
937089
659213
797280
606226
657805
981030
671922
573361
907164
947524
954284
733355
863402
666092
759905
924667
629652
480398
319226
101414
717664
755053
635872
640884
623510
674185
699358
821488
335399
893750
689867
321303
104455
276425
324445
955475
600433
650986
947416
679547
797308
400748
841074
973004
970218
803924
442548
567077
600329
810756
834434
766206
497956
633111
648129
776711
607896
858336
452288
437370
743495
478289
530457
780453
298566
699770
860947
314464
107089
632510
648221
702073
425329
648099
635985
100857
104934
104630
689865
972550
647540
308714
638482
592472
467774
689081
676774
424474
313804
651524
849451
838533
657988
920733
600417
105528
703451
683874
946961
684368
631212
767872
461241
499409
508688
776727
796673
610184
299657
486278
106001
313923
303661
308922
107528
674947
980867
753316
723292
660687
320904
659792
603745
657693
980510
324033
771614
656869
913011
967784
741841
912713
501796
675922
470155
975438
106609
680008
975209
623450
751107
403989
478278
346708
323583
376076
629779
643903
957225
808833
694537
761279
319200
741820
101991
966806
660553
795953
706466
751269
517034
807295
610415
803404
475584
893919
685239
657718
461476
458106
646167
766765
733825
951981
743598
555439
658115
738641
679761
603271
780926
302963
747403
592856
105782
543031
338210
637952
770203
299100
324088
667467
101319
325418
657241
670755
852388
743654
999502
474788
349924
849819
660481
736864
758581
974955
711249
373792
753392
102401
708823
337737
919225
100918
518752
669711
663420
336102
105411
660201
318839
101192
870149
297215
883707
706080
511743
781291
644053
861867
873514
851265
600684
868337
746481
309974
810821
346101
521026
100718
719994
399164
676620
555375
978787
638936
959419
762800
317911
438743
100406
753165
387323
657827
929720
665353
637976
967801
103390
666085
482821
297094
624056
550231
105736
458102
658085
638055
671583
912161
105292
368417
635940
498434
674282
885987
678397
297096
316570
462181
803433
970258
638396
100339
766923
688802
648199
676618
559795
585730
892284
486517
952050
974695
101849
686877
949586
676660
627192
656983
105380
936175
753091
777884
888887
946544
657911
939674
805013
655570
794931
95433
100234
929736
849318
603843
649923
724605
335080
855256
867438
937450
795544
788280
665368
530486
313757
529348
901847
684576
650644
321742
674182
865405
316585
540335
643595
415416
293876
649747
732647
298669
322002
842766
995594
946168
631800
995884
841051
494826
649247
673376
414143
368418
646488
753179
324905
889135
902041
983158
312705
951034
629524
462177
819630
298505
574838
934141
650947
633219
765456
796525
656686
102953
664719
301768
735091
661364
865121
772841
535747
656653
778112
792020
653913
617721
951641
519579
378881
296786
979733
398839
574039
943697
102996
105178
752769
912929
472258
578469
103002
583084
106217
632496
697321
571605
689882
104404
103459
776858
336472
589396
753530
630225
367086
710489
910781
658140
698413
296787
592815
805058
660741
683872
611203
770893
674211
644091
768394
707094
637916
657231
563899
459635
465343
817919
308929
853376
649110
789604
831422
941745
296837
818122
321735
315605
905736
324906
675790
660294
487581
675765
656905
190365
917584
554680
785174
298127
856628
852667
656818
771844
999243
872588
941175
623047
632157
660616
757257
102269
797263
954688
536557
752207
568634
741072
105067
598718
998998
896918
747161
635726
659660
506156
996449
961096
445582
871684
911725
770702
713839
298609
636975
339930
978664
879293
321381
667066
668194
929547
320856
626611
797534
538536
703002
674237
977222
716484
751261
812347
315144
813520
695144
943988
983433
761001
100175
758047
759171
811039
341860
817363
656600
734146
650652
101011
695406
899823
986796
694597
324434
322618
968996
296779
757805
569037
506333
558852
969479
637955
705712
661366
700537
947815
754453
747194
393277
777042
629540
216185
896342
789841
710580
753939
783195
900211
733830
561011
106635
107696
785177
706852
638353
680733
918368
464183
615527
335082
336095
322036
811584
299296
950734
741249
838970
982574
515385
611429
734514
590229
900212
573531
626832
969087
846601
946412
938033
104589
632381
702920
811360
892471
660238
639371
610699
989391
964306
619260
105632
697905
690070
628374
671933
977776
996132
406477
533326
650357
447145
855578
752228
512571
849891
101597
920737
759781
660734
500983
441937
625450
101434
636000
321737
340843
828509
660537
939916
654359
767228
472391
871694
645230
774972
107281
649079
660561
981478
918072
626975
817332
756763
919718
918103
666730
763497
553803
761428
477525
894786
932825
516714
785265
313958
437369
992391
655113
635744
425346
653452
596393
853518
763767
991126
334756
297361
639162
852846
984422
774977
665319
974449
314322
326149
878500
925209
932333
811336
348251
317409
102634
600316
623667
630920
516782
102064
598649
629733
919721
964017
477938
670592
517487
848101
100721
602237
634947
926175
335313
313691
718616
606402
567884
757689
324807
781877
788303
386893
297610
674087
317907
576162
105014
105921
658684
929080
646280
906730
888804
846491
648168
298650
705733
797625
670145
328956
845411
881936
775749
653244
491064
731302
301716
480923
657752
783406
95437
630066
576002
106630
572680
694696
505106
810827
514203
717513
315660
299881
857723
297367
651068
106888
499422
476898
919295
103955
591213
265729
640692
747882
639398
753291
102051
412488
914769
450641
871738
660712
912347
427328
651504
551515
751609
481824
848095
598719
654665
440402
641783
946496
309619
761724
317865
972994
639807
753924
685328
607488
730738
657151
996313
803401
688839
841071
607116
643553
474596
298949
685331
658100
105626
708566
612607
665318
932395
103058
735604
156332
687918
863347
696602
919934
766930
979736
507691
793215
613414
676612
930960
331862
759030
691502
944031
922882
875230
862864
95418
857737
657887
989899
660725
107757
696397
731131
648845
106590
499742
629760
538048
682258
789823
647637
958847
852476
637993
324789
978428
709586
759363
600321
588062
556732
296669
674174
296813
648074
740371
316355
308909
623232
634683
400155
954941
679910
706337
105368
602412
105944
745558
658238
657932
506293
698792
308620
103129
483578
861053
557047
384734
760953
637953
703972
819431
920228
667111
694512
338365
679526
964239
690135
503797
556708
796722
658219
751284
106257
427247
314753
103962
969691
724485
684263
364743
324811
478286
339133
765445
674095
674230
684565
936141
625282
305195
775827
106690
711139
568086
706315
972375
320733
960801
742755
767882
704860
600333
977416
710588
342334
492250
302845
970182
339487
103793
895675
907797
766190
529086
570332
941342
701086
752185
299781
973684
100398
983892
501330
656961
768370
107257
760903
851900
725796
904819
318798
319236
903198
393527
694292
723703
736873
298567
672801
789549
811349
656952
715221
969052
969282
736674
935138
705820
926179
784977
661293
694502
592947
637011
752559
674223
689883
668857
106726
656726
817929
778882
312359
449502
638384
750564
105193
924212
639072
716296
873479
324111
900003
650639
676626
483965
105389
647641
482824
455294
959387
453625
335971
845097
321299
905607
105909
901154
710490
899730
320898
838973
565320
640218
761223
299680
900786
624018
324402
611238
637931
928297
103291
635835
938906
105615
297323
741732
657875
981377
673990
669917
824618
676566
791474
859317
981123
957683
913664
339704
759870
298489
943967
636004
696420
845420
574841
669782
297302
846597
685106
317563
503932
666059
321749
629751
743843
595253
105636
796677
100130
807294
834924
640216
842475
659782
648053
533322
673408
759618
893686
762172
324467
660530
329031
675840
320891
907270
903268
100709
678072
638304
606371
732994
481818
663974
920736
107391
688879
679545
903917
631218
655449
793210
106759
160484
298750
787692
529779
745018
530724
672176
306685
491873
810826
786560
675806
676656
660379
660434
785247
855244
777323
527582
316564
656937
670812
786987
102636
326305
679170
454818
786602
902311
752950
658533
684617
679070
642982
602043
796676
305199
498109
452356
792424
298029
731119
681354
960062
673423
340689
620895
654688
514122
332204
788572
742768
349461
639893
694503
451022
764829
970545
533614
897007
298529
713594
670356
674588
802471
100136
296854
802465
674197
720937
979818
517491
498594
801634
604773
598690
704656
605117
635934
764445
870611
803422
741845
899773
796364
758668
897878
722420
316566
316604
746477
106737
672179
969296
968899
305869
499058
971109
753529
382648
701831
301769
957898
777314
848113
916120
807715
485225
639314
717421
940635
313800
948435
682984
538413
463017
105784
848105
683458
104272
394213
506330
980738
265768
681215
690148
930766
296789
400156
331011
660335
741243
835545
638351
916448
101472
757808
785005
675793
638101
637536
951628
509640
724337
639969
505867
504737
652751
654668
754832
639354
325417
107611
785423
797750
654491
595136
670601
105643
743132
638389
592821
555924
239354
919760
656292
719692
991379
508856
313837
781041
852389
985650
523676
316582
679483
288270
689879
499854
814594
677192
693610
810083
661409
781308
890830
622904
523843
750186
312199
594445
873485
299386
806987
438746
310084
104705
945924
675832
657707
607484
106924
662074
867419
588184
106393
313329
721967
657863
384732
824086
380322
105624
709107
694773
999320
897065
525728
945322
672751
635743
640350
970942
560924
672188
632302
683863
964655
217548
947313
480412
102762
581519
319494
106857
859578
850202
324042
533560
760997
297819
674315
655782
752701
407933
830836
840939
744818
637924
760910
499481
416347
101315
104821
314354
623417
105388
825422
650602
498536
932585
954702
321393
390590
969014
614090
296675
695161
745827
658142
945409
760889
776747
932694
978583
105382
679054
217778
322009
325459
843716
781303
324085
585728
675677
667356
960685
640817
102086
337912
314719
625991
95453
627177
324997
538270
613378
672245
568615
319210
102910
703477
653906
581546
752215
321751
935437
612813
741832
689890
469083
939128
768792
619813
101285
795698
743677
775776
105788
947949
660288
106494
546480
791700
318168
697824
640690
640236
315726
566743
675785
104095
683225
611181
681200
929612
298593
997871
333373
654374
636624
657919
418554
670741
766105
680491
939189
710918
780470
302217
104412
924909
308588
173993
103921
774442
890032
332123
660528
679599
313786
694546
764520
972037
693862
938032
530870
694394
910313
747367
978040
931115
100597
335969
635991
963500
712498
817338
710732
461882
972679
645783
808097
700759
788569
452318
103656
670645
105866
298680
846590
524218
841084
463112
464654
517427
674240
797182
726102
891613
813192
775955
445019
335979
324486
106999
525855
491315
450717
102696
723136
331069
315165
813600
714970
522410
828699
486550
694529
966561
692485
723840
457081
474135
101646
100803
897882
630998
979752
752627
319090
600327
630073
505506
471585
452339
635907
105842
702096
752195
804933
650984
660652
674093
106930
697924
797623
722681
960934
322147
321376
702494
461314
609577
815030
885412
774520
438755
940737
320897
817328
668946
689884
657139
658097
793141
714750
105882
637918
296708
308576
302961
632159
542272
636104
710535
649771
671437
314499
676631
299400
428809
103837
768273
653946
599327
316591
639871
100458
686579
100858
890407
107441
775159
917576
299770
322046
794230
675984
697903
533318
788200
636949
106130
941573
797226
296409
554398
686258
721881
718046
722687
947935
472416
660423
568192
768840
696792
717805
632829
335088
875480
626178
336808
324473
657794
104954
893603
803939
853071
674200
599822
910535
498136
103091
795592
749647
729803
968770
686584
715403
893623
107335
782595
658130
220530
249138
105623
885417
896286
623131
205138
815365
536821
611995
297386
707296
639718
732896
973062
499388
671846
657044
642939
105981
684945
884633
485774
463127
570193
103498
382621
689887
951540
908551
493478
890303
499805
741846
954993
296771
301376
473914
657885
867399
678796
95442
639470
463393
448502
942341
986612
298937
901480
379791
693752
650594
451631
941552
265724
107305
589771
686618
656508
694600
673535
805634
760971
708893
810090
518747
298020
793168
736202
776731
660643
674186
904169
810749
674187
503809
882086
788744
460585
752234
998224
297796
371108
970543
943208
613490
692204
967958
745283
839255
105633
559348
997451
322179
885384
297902
101992
961923
102565
338386
694648
845415
572676
763746
681331
93141
974681
339126
960380
852537
617211
731816
749394
698644
649088
216893
635914
408834
694642
657712
549396
448557
298158
790128
667430
930968
788179
346552
104953
741748
677254
884268
811351
440925
638059
586952
724441
694526
927602
683573
906393
723775
324078
781319
586705
860319
696923
954358
529906
680756
865125
764667
569006
313847
954682
671976
297053
863383
